# Hydrogen Flux Measured by PAMELA over Five Time Periods, The Astrophysical Journal, 765:91 (8pp), 2013 March 10
# the point at 33.44 36.75 in 2009 has an obvious typo in the paper, and also the point in 33.44 36.75, same year. Fixed them.
# energy in GeV, flux in (m2 s sr MeV)−1
#               2006 Nov 13–2006 Dec 4                 2007 Nov 30–2007 Dec 27                2008 Nov 19–2008 Dec 15                 2009 Dec 6–2010 Jan 1
#Emin Emax      Flux   stat    +syst  -syst            Flux   stat    +syst  -syst            Flux   stat    +syst  -syst             Flux   stat    +syst  -syst
0.082 0.095     0.721  0.032   0.061  0.100 1          1.045  0.031   0.090  0.102 1          1.191  0.035   0.105  0.104 1           0.730  0.143  0.266  0.163  1
0.095 0.10      0.759  0.036   0.063  0.096 1          1.111  0.030   0.094  0.098 1          1.332  0.034   0.116  0.100 1           1.722  0.156  0.263  0.160  1
0.10  0.11      0.818  0.030   0.067  0.093 1          1.151  0.027   0.097  0.094 1          1.401  0.031   0.121  0.097 1           2.016  0.134  0.307  0.158  1
0.11  0.12      0.893  0.034   0.072  0.089 1          1.230  0.027   0.102  0.091 1          1.477  0.031   0.126  0.094 1           2.210  0.151  0.336  0.157  1
0.12  0.13      0.928  0.030   0.074  0.086 1          1.334  0.026   0.110  0.088 1          1.543  0.029   0.131  0.091 1           2.162  0.129  0.327  0.155  1
0.13  0.15      0.960  0.028   0.076  0.084 1          1.411  0.025   0.115  0.086 1          1.607  0.027   0.135  0.089 1           2.256  0.123  0.341  0.154  1
0.15  0.16      1.030  0.028   0.081  0.083 1          1.453  0.023   0.117  0.085 1          1.675  0.026   0.139  0.087 1           2.447  0.122  0.368  0.153  1
0.16  0.17      1.085  0.027   0.084  0.081 1          1.477  0.022   0.118  0.083 1          1.727  0.025   0.142  0.085 1           2.359  0.112  0.354  0.152  1
0.17  0.19      1.123  0.025   0.086  0.079 1          1.545  0.021   0.122  0.081 1          1.805  0.024   0.147  0.084 1           2.277  0.102  0.341  0.151  1
0.19  0.21      1.164  0.024   0.088  0.078 1          1.613  0.020   0.126  0.080 1          1.865  0.023   0.150  0.082 1           2.423  0.097  0.362  0.150  1
0.21  0.22      1.194  0.022   0.090  0.076 1          1.634  0.019   0.126  0.078 1          1.899  0.021   0.152  0.081 1           2.592  0.093  0.386  0.149  1
0.22  0.24      1.222  0.022   0.091  0.075 1          1.673  0.018   0.128  0.077 1          1.968  0.021   0.156  0.080 1           2.647  0.091  0.393  0.149  1
0.24  0.26      1.278  0.021   0.094  0.074 1          1.732  0.018   0.131  0.076 1          2.031  0.020   0.159  0.079 1           2.682  0.088  0.397  0.148  1
0.26  0.29      1.359  0.020   0.098  0.073 1          1.775  0.017   0.133  0.075 1          2.047  0.019   0.159  0.078 1           2.684  0.082  0.396  0.148  1
0.29  0.31      1.371  0.020   0.098  0.072 1          1.788  0.016   0.132  0.074 1          2.025  0.018   0.155  0.077 1           2.603  0.077  0.383  0.147  1
0.31  0.34      1.380  0.019   0.098  0.071 1          1.818  0.016   0.133  0.073 1          2.040  0.017   0.155  0.076 1           2.656  0.075  0.390  0.147  1
0.34  0.36      1.381  0.018   0.097  0.070 1          1.822  0.015   0.132  0.072 1          2.036  0.017   0.153  0.075 1           2.633  0.072  0.385  0.146  1
0.36  0.39      1.398  0.017   0.097  0.069 1          1.816  0.014   0.130  0.072 1          2.019  0.016   0.150  0.074 1           2.504  0.067  0.366  0.146  1
0.39  0.43      1.410  0.016   0.096  0.068 1          1.778  0.013   0.126  0.071 1          1.983  0.015   0.146  0.074 1           2.415  0.061  0.351  0.146  1
0.43  0.46      1.396  0.016   0.094  0.068 1          1.754  0.013   0.123  0.070 1          1.959  0.014   0.143  0.073 1           2.495  0.060  0.362  0.145  1
0.46  0.50      1.391  0.015   0.093  0.067 1          1.715  0.012   0.119  0.069 1          1.941  0.014   0.140  0.072 1           2.383  0.056  0.345  0.145  1
0.50  0.54      1.349  0.014   0.089  0.066 1          1.677  0.012   0.115  0.068 1          1.844  0.013   0.132  0.071 1           2.200  0.052  0.318  0.144  1
0.54  0.58      1.328  0.014   0.086  0.065 1          1.643  0.011   0.111  0.068 1          1.789  0.012   0.126  0.071 1           2.213  0.050  0.319  0.144  1
0.58  0.62      1.300  0.009   0.084  0.064 1          1.577  0.010   0.105  0.067 1          1.731  0.013   0.121  0.070 1           2.107  0.032  0.303  0.144  1
0.62  0.67      1.254  0.008   0.080  0.064 1          1.527  0.009   0.101  0.066 1          1.641  0.012   0.114  0.069 1           1.966  0.030  0.282  0.143  1
0.67  0.72      1.220  0.008   0.077  0.063 1          1.468  0.009   0.096  0.065 1          1.587  0.011   0.109  0.068 1           1.870  0.028  0.268  0.143  1
0.72  0.77      1.173  0.007   0.073  0.062 1          1.403  0.008   0.091  0.065 1          1.510  0.011   0.102  0.068 1           1.769  0.026  0.252  0.143  1
0.77  0.83      1.125  0.007   0.069  0.061 1          1.341  0.007   0.086  0.064 1          1.431  0.010   0.096  0.067 1           1.710  0.025  0.243  0.142  1
0.83  0.89      1.064  0.006   0.064  0.060 1          1.272  0.007   0.080  0.063 1          1.357  0.009   0.090  0.066 1           1.550  0.022  0.220  0.142  1
0.89  0.96      1.003  0.006   0.060  0.060 1          1.197  0.007   0.075  0.062 1          1.273  0.009   0.084  0.066 1           1.442  0.021  0.204  0.142  1
0.96  1.02      0.964  0.005   0.057  0.059 1          1.135  0.006   0.070  0.062 1          1.192  0.008   0.077  0.065 1           1.382  0.020  0.195  0.141  1
1.02  1.09      0.919  0.005   0.053  0.058 1          1.066  0.006   0.065  0.061 1          1.127  0.007   0.072  0.064 1           1.294  0.018  0.183  0.141  1
1.09  1.17      0.860  0.005   0.049  0.057 1          0.993  0.005   0.060  0.060 1          1.041  0.007   0.066  0.064 1           1.178  0.017  0.166  0.141  1
1.17  1.25      0.813  0.004   0.046  0.046 1          0.934  0.005   0.056  0.056 1          0.983  0.006   0.062  0.062 1           1.105  0.016  0.155  0.155  1
1.25  1.34      0.753  0.004   0.042  0.042 1          0.860  0.005   0.051  0.051 1          0.903  0.006   0.056  0.056 1           1.030  0.014  0.144  0.144  1
1.34  1.42      0.708  0.004   0.039  0.039 1          0.813  0.004   0.047  0.047 1          0.845  0.006   0.052  0.052 1           0.931  0.013  0.130  0.130  1
1.42  1.52      0.650  0.004   0.035  0.035 1          0.748  0.004   0.043  0.043 1          0.782  0.005   0.048  0.048 1           0.862  0.012  0.120  0.120  1
1.52  1.62      0.607  0.003   0.033  0.033 1          0.693  0.004   0.039  0.039 1          0.719  0.005   0.044  0.044 1           0.789  0.011  0.110  0.110  1
1.62  1.72      0.562  0.003   0.030  0.030 1          0.640  0.003   0.036  0.036 1          0.670  0.004   0.040  0.040 1           0.720  0.010  0.100  0.100  1
1.72  1.83      0.520  0.003   0.027  0.027 1          0.590  0.003   0.033  0.033 1          0.612  0.004   0.036  0.036 1           0.675  0.010  0.094  0.094  1
1.83  1.95      0.481  0.003   0.025  0.025 1          0.540  0.003   0.030  0.030 1          0.562  0.004   0.033  0.033 1           0.605  0.009  0.084  0.084  1
1.95  2.07      0.441  0.002   0.023  0.023 1          0.501  0.003   0.027  0.027 1          0.512  0.004   0.030  0.030 1           0.547  0.008  0.076  0.076  1
2.07  2.20      0.412  0.002   0.021  0.021 1          0.450  0.002   0.024  0.024 1          0.461  0.003   0.027  0.027 1           0.499  0.008  0.069  0.069  1
2.20  2.33      0.374  0.002   0.019  0.019 1          0.409  0.002   0.022  0.022 1          0.428  0.003   0.024  0.024 1           0.450  0.007  0.062  0.062  1
2.33  2.48      0.347  0.002   0.017  0.017 1          0.377  0.002   0.020  0.020 1          0.388  0.003   0.022  0.022 1           0.411  0.006  0.057  0.057  1
2.48  2.62      0.315  0.002   0.015  0.015 1          0.348  0.002   0.018  0.018 1          0.356  0.003   0.020  0.020 1           0.390  0.006  0.054  0.054  1
2.62  2.78      0.286  0.002   0.014  0.014 1          0.318  0.002   0.016  0.016 1          0.322  0.002   0.018  0.018 1           0.334  0.005  0.046  0.046  1
2.78  2.94      0.262  0.002   0.012  0.012 1          0.288  0.002   0.015  0.015 1          0.291  0.002   0.016  0.016 1           0.303  0.005  0.042  0.042  1
2.94  3.12      0.239  0.001   0.011  0.011 1          0.258  0.002   0.013  0.013 1          0.262  0.002   0.014  0.014 1           0.276  0.005  0.038  0.038  1
3.12  3.30      0.215  0.001   0.010  0.010 1          0.234  0.001   0.012  0.012 1          0.239  0.002   0.013  0.013 1           0.251  0.004  0.034  0.034  1
3.30  3.49      0.195  0.001   0.009  0.009 1          0.210  0.001   0.010  0.010 1          0.215  0.002   0.012  0.012 1           0.223  0.004  0.031  0.031  1
3.49  3.69      0.175  0.001   0.008  0.008 1          0.189  0.001   0.009  0.009 1          0.194  0.002   0.010  0.010 1           0.204  0.004   0.028  0.028 1
3.69  4.12      151.4  0.7     6.9    6.9   1e-3       163.3  0.7565  8.050  8.050 1e-3       164.7  0.9853  8.790  8.790 1e-3        0.172  0.002   0.023  0.023 1
4.12  4.59      124.4  0.6     5.6    5.6   1e-3       132.0  0.6391  6.446  6.446 1e-3       134.3  0.8364  7.113  7.113 1e-3        0.141  0.002   0.019  0.019 1
4.59  5.11      99.15  0.5     4.4    4.4   1e-3       106.8  0.5402  5.168  5.168 1e-3       109.1  0.7083  5.731  5.731 1e-3        0.113  0.002   0.015  0.015 1
5.11  5.68      81.38  0.4     3.6    3.6   1e-3       85.34  0.4537  4.093  4.093 1e-3       86.97  0.5944  4.536  4.536 1e-3        0.091  0.001   0.012  0.012 1
5.68  6.30      65.27  0.4     2.9    2.9   1e-3       68.61  0.3820  3.262  3.262 1e-3       69.55  0.4994  3.601  3.601 1e-3        0.069  0.001   0.009  0.009 1
6.30  6.99      52.12  0.3     2.3    2.3   1e-3       54.86  0.3211  2.587  2.587 1e-3       55.60  0.4197  2.859  2.859 1e-3        56.69  0.9533  7.693  7.693 1e-3
6.99  7.74      41.66  0.3     1.8    1.8   1e-3       43.65  0.2691  2.042  2.042 1e-3       44.15  0.3514  2.255  2.255 1e-3        44.91  0.7967  6.088  6.088 1e-3
7.74  8.57      33.18  0.2     1.4    1.4   1e-3       34.31  0.2241  1.593  1.593 1e-3       34.65  0.2923  1.759  1.759 1e-3        34.70  0.6572  4.700  4.700 1e-3
8.57  9.48      26.26  0.2     1.1    1.1   1e-3       26.80  0.1856  1.235  1.235 1e-3       27.12  0.2424  1.368  1.368 1e-3        27.44  0.5473  3.713  3.713 1e-3
9.48  10.48     208.8  1.5     8.8    8.8   1e-4       214.3  1.556   9.872  9.872 1e-4       21.32  0.2014  1.075  1.075 1e-3        21.77  0.4564  2.945  2.945 1e-3
10.48 11.57     164.0  1.2     6.9    6.9   1e-4       167.1  1.286   7.697  7.697 1e-4       167.7  1.672   8.456  8.456 1e-4        16.86  0.3755  2.281  2.281 1e-3
11.57 12.77     128.9  1.0     5.5    5.5   1e-4       130.2  1.061   5.998  5.998 1e-4       134.6  1.399   6.785  6.785 1e-4        13.03  0.3083  1.763  1.763 1e-3
12.77 14.09     100.1  0.8     4.2    4.2   1e-4       103.4  0.8845  4.762  4.762 1e-4       102.8  1.143   5.182  5.182 1e-4        10.22  0.2554  1.384  1.384 1e-3
14.09 15.54     78.59  0.7     3.3    3.3   1e-4       79.72  0.7250  3.672  3.672 1e-4       78.55  0.9319  3.960  3.960 1e-4        8.339  0.2150  1.129  1.129 1e-3
15.54 17.12     62.71  0.6     2.7    2.7   1e-4       64.08  0.6064  2.952  2.952 1e-4       62.57  0.7736  3.154  3.154 1e-4        62.71  1.735   8.486  8.486 1e-4
17.12 18.86     47.92  0.5     2.0    2.0   1e-4       49.08  0.4937  2.261  2.261 1e-4       49.15  0.6357  2.478  2.478 1e-4        47.39  1.400   6.413  6.413 1e-4
18.86 20.76     37.16  0.4     1.6    1.6   1e-4       37.96  0.4066  1.748  1.748 1e-4       38.06  0.5230  1.919  1.919 1e-4        38.42  1.181   5.200  5.200 1e-4
20.76 22.85     28.92  0.3     1.2    1.2   1e-4       29.32  0.3398  1.351  1.351 1e-4       28.47  0.4282  1.435  1.435 1e-4        28.76  0.9688   3.892  3.892 1e-4
22.85 25.15     225.8  2.6     9.6    9.6   1e-5       23.07  0.2879  1.063  1.063 1e-4       22.61  0.3642  1.140  1.140 1e-4        21.59  0.8009  2.922  2.922 1e-4
25.15 27.66     171.3  2.2     7.2    7.2   1e-5       173.8  2.389   8.006  8.006 1e-5       173.5  3.049   8.745  8.745 1e-5        18.35  0.7055  2.484  2.484 1e-4
27.66 30.42     138.0  1.9     5.8    5.8   1e-5       137.7  2.031   6.344  6.344 1e-5       138.8  2.603   6.997  6.997 1e-5        14.03  0.5883  1.898  1.898 1e-4
30.42 33.44     103.8  1.5     4.4    4.4   1e-5       105.6  1.699   4.862  4.862 1e-5       101.5  2.127   5.118  5.118 1e-5        10.95  0.4965  1.482  1.482 1e-4
33.44 36.75     81.42  1.3     3.4    3.4   1e-5       80.24  1.416   3.696  3.696 1e-5       81.51  1.820   4.109  4.109 1e-5        76.20  0.3955  1.031  1.031 1e-5
36.75 40.39     63.41  1.1     2.7    2.7   1e-5       62.97  1.199   2.900  2.900 1e-5       62.22  1.520   3.137  3.137 1e-5        61.51  3.396   8.323  8.323 1e-5
40.39 44.37     47.29  0.9     2.0    2.0   1e-5       49.30  1.014   2.271  2.271 1e-5       49.86  1.300   2.514  2.514 1e-5        47.38  2.847   6.412  6.412 1e-5
44.37 48.74     35.22  0.8     1.5    1.5   1e-5       33.67  0.801   1.551  1.551 1e-5       35.50  1.049   1.790  1.790 1e-5        36.99  2.404   5.006  5.006 1e-5
