18.65 3.761e-19 8.246e-21 8.429e-21 4.806e-20      2057
18.75  1.93e-19 5.265e-21 5.411e-21 2.102e-20      1329
18.85 9.713e-20 3.328e-21 3.445e-21 1.107e-20       842
18.95 5.378e-20 2.207e-21   2.3e-21 6.094e-21       587
19.05 2.802e-20  1.42e-21 1.494e-21 2.217e-21       385
19.15 1.613e-20 9.599e-22 1.019e-21  2.22e-21       279
19.25  7.99e-21  6.02e-22 6.493e-22 1.044e-21       174
19.35 3.757e-21 3.677e-22 4.057e-22 4.183e-22       103
19.45 2.289e-21 2.557e-22 2.861e-22 3.019e-22        79
19.55 1.266e-21 1.693e-22 1.937e-22  2.11e-22        55
19.65 4.753e-22 9.217e-23 1.121e-22 9.932e-23        26
19.75 2.033e-22 5.343e-23 6.978e-23 9.449e-23        14
19.85 4.614e-23   2.2e-23  3.63e-23 2.023e-23         4
19.95 1.833e-23  1.18e-23 2.405e-23 1.297e-23         2
