6.250e+00 3.043e-07 3.167e-08 4.850e-07 3.167e-08 1.595e-09 3.167e-08 3.330e-07 3.167e-08
6.350e+00 2.718e-07 2.013e-08 2.350e-07 2.013e-08 1.179e-09 2.013e-08 2.420e-07 2.013e-08
6.450e+00 1.157e-07 1.104e-08 2.369e-07 1.104e-08 7.247e-10 1.104e-08 1.392e-07 1.104e-08
6.550e+00 6.311e-08 9.457e-09 1.681e-07 9.457e-09 5.476e-10 9.457e-09 9.188e-08 9.457e-09
6.650e+00 5.721e-08 4.403e-09 7.691e-08 4.403e-09 2.432e-08 4.403e-09 4.888e-08 4.403e-09
6.750e+00 5.518e-08 1.946e-09 -1.374e-09 1.946e-09 6.417e-08 1.946e-09 1.314e-08 1.946e-09
6.850e+00 3.091e-08 1.227e-09 1.725e-09 1.227e-09 4.273e-08 1.227e-09 7.254e-09 1.227e-09
6.950e+00 1.186e-08 9.524e-10 1.542e-08 9.524e-10 1.161e-08 9.524e-10 1.153e-08 9.524e-10
7.050e+00 6.883e-09 7.119e-10 7.796e-09 7.119e-10 1.013e-08 7.119e-10 5.618e-09 7.119e-10
7.150e+00 3.608e-09 4.144e-10 5.919e-09 4.144e-10 4.536e-09 4.144e-10 4.477e-09 4.144e-10
7.250e+00 2.265e-09 1.969e-10 2.078e-09 1.969e-10 4.329e-09 1.969e-10 2.968e-09 1.969e-10
7.350e+00 1.427e-09 2.146e-10 1.082e-09 2.146e-10 3.312e-09 2.146e-10 1.580e-09 2.146e-10
7.450e+00 9.091e-10 1.284e-10 5.485e-10 1.284e-10 2.157e-09 1.284e-10 1.108e-09 1.284e-10
7.550e+00 4.037e-10 8.153e-11 6.134e-10 8.153e-11 9.579e-10 8.153e-11 1.098e-09 8.153e-11
7.650e+00 3.552e-10 3.156e-11 -1.651e-11 3.156e-11 1.046e-09 3.156e-11 5.811e-10 3.156e-11
7.750e+00 1.423e-10 2.672e-11 1.054e-10 2.672e-11 6.294e-10 2.672e-11 3.777e-10 2.672e-11
7.850e+00 8.283e-11 2.272e-11 7.700e-11 2.272e-11 3.157e-10 2.272e-11 3.323e-10 2.272e-11
7.950e+00 8.119e-11 1.059e-11 -1.620e-12 1.059e-11 2.155e-10 1.059e-11 1.993e-10 1.059e-11
8.100e+00 2.113e-11 1.205e-11 1.490e-11 1.205e-11 9.431e-11 1.205e-11 1.343e-10 1.205e-11
8.300e+00 9.283e-12 6.364e-12 1.771e-12 6.364e-12 4.186e-11 6.364e-12 3.905e-11 6.364e-12
8.500e+00 4.153e-12 1.292e-12 2.384e-13 1.292e-12 3.984e-12 1.292e-12 2.330e-11 1.292e-12
8.700e+00 7.618e-13 1.410e-12 3.578e-12 1.410e-12 1.765e-14 1.410e-12 7.245e-12 1.410e-12
8.900e+00 2.333e-14 9.731e-16 1.913e-12 9.731e-16 5.817e-15 9.731e-16 2.255e-12 9.731e-16
