1.844999999999999929e+01 1.916345329671036612e-18 1.062433347076793851e-20 1.067267233483832100e-20 8.157837212146469286e-01 4.149080561083100612e-05 5.829482903639824493e-02
1.854999999999999716e+01 9.025908987339822954e-19 6.372479283967354194e-21 6.410904522979373663e-21 8.483620236593761854e-01 1.312695529057781208e-04 4.755075856897065384e-02
1.864999999999999858e+01 4.413679426519908408e-19 3.893633452932741835e-21 3.924183262235725986e-21 8.826732684682279118e-01 3.069810256612613719e-04 3.888951579110400125e-02
1.875000000000000000e+01 2.196747012689278908e-19 2.407342532229642541e-21 2.431636118235600894e-21 9.128826867627981567e-01 4.622632398044011922e-04 3.068488467610991019e-02
1.884999999999999787e+01 1.199147737126310635e-19 1.567706916807678999e-21 1.587025273490575762e-21 9.333694815287011393e-01 5.006140087907033284e-04 2.447465033406916526e-02
1.894999999999999929e+01 6.586895845689192318e-20 1.028176597815738991e-21 1.043541522305450838e-21 9.467910714326589483e-01 4.624687257734330561e-04 2.016708119574375443e-02
1.904999999999999716e+01 3.645598647184578862e-20 6.781544562195165796e-22 6.903776915918560808e-22 9.567880254382395977e-01 4.010613576063977556e-04 1.693747343394357008e-02
1.914999999999999858e+01 1.948632893335050404e-20 4.399989718945651592e-22 4.497276009201024370e-22 9.649849385430750992e-01 3.378617972636405327e-04 1.434518444470580557e-02
1.925000000000000000e+01 1.020876966690026315e-20 2.828161081703804772e-22 2.905636391651621718e-22 9.719385559830818755e-01 3.011369879092836463e-04 1.226093300329160821e-02
1.935000000000000142e+01 5.400213246014904242e-21 1.827778693709328147e-22 1.889508434726357479e-22 9.776939664923620654e-01 4.812625748724948097e-04 1.072145143915805877e-02
1.944999999999999929e+01 2.517677377150638528e-21 1.110084352398225602e-22 1.159365939427271389e-22 9.813997219843202391e-01 1.159349338098777547e-03 9.983632321174221863e-03
1.954999999999999716e+01 1.240518241812460692e-21 6.948814318953921986e-23 7.342521800314637683e-23 9.799616649077282915e-01 2.176210840807660078e-03 1.069937921728284294e-02
1.964999999999999858e+01 4.896197557669684665e-22 3.913205172733806726e-23 4.229398444213731297e-23 9.679541013807149152e-01 3.011650931140064623e-03 1.374056298218151277e-02
1.975000000000000000e+01 1.609312856794215338e-22 2.022111651181589595e-23 2.278336524214738950e-23 9.441091712951104054e-01 6.141986623189812575e-03 1.900544022988185505e-02
1.985000000000000142e+01 8.162342804520293477e-23 1.300566896349142938e-23 1.506788497455356286e-23 9.173536101032543355e-01 1.100085838871119222e-02 2.464912458189955080e-02
1.994999999999999929e+01 1.516465272721299057e-23 4.900695714377043472e-24 5.870401797038113163e-24 8.972625878202076244e-01 1.387154369653823688e-02 2.884395628437731035e-02
2.005000000000000071e+01 3.240148873766444012e-24 2.312686555627693023e-24 2.813462497667454197e-24 8.849596837452864406e-01 1.458350858113779611e-02 3.139473036760342950e-02
2.014999999999999858e+01 8.501336342061391147e-25 6.107282649212584567e-25 1.701497962298682063e-24 8.769341326625402777e-01 1.438734155308357861e-02 3.309853577953085491e-02
