1.755000000000000071e+01 5.745495752030632275e+02 5.555996562007426753e+00 5.610184767101057624e+00
1.765000000000000213e+01 3.484702153097020982e+02 4.345083523019714455e+00 4.399803792556369331e+00
1.775000000000000000e+01 2.051683966484409893e+02 3.346177979219625342e+00 3.401404006738039776e+00
1.785000000000000142e+01 1.239487358279387337e+02 2.609637847738017769e+00 2.665371135259917423e+00
1.794999999999999929e+01 7.440675755198559216e+01 2.027385050755312168e+00 2.083595977230126017e+00
1.805000000000000071e+01 4.063280275925901464e+01 7.120152690895377168e-01 7.187890050319316604e-01
1.814999999999999858e+01 2.776872456512221632e+01 5.410357031584950294e-01 5.452444031953567194e-01
1.825000000000000000e+01 1.543220777684081213e+01 3.439282722017863447e-01 3.478864205616133964e-01
1.835000000000000142e+01 8.970724081250320836e+00 2.386421421414949839e-01 2.412978389711202543e-01
1.844999999999999929e+01 5.781692576545045981e+00 2.528822372933138898e-02 2.539795276830701665e-02
1.855000000000000071e+01 3.367460166286307288e+00 1.953849665765416965e-02 1.965118786450246319e-02
1.864999999999999858e+01 2.019449376536216700e+00 1.370451230417331356e-02 1.382829191054763159e-02
1.875000000000000000e+01 1.261829289634195828e+00 1.099131705960059227e-02 1.111997924086385002e-02
1.885000000000000142e+01 8.682956117801325924e-01 9.282092345121104038e-03 9.413717145299857481e-03
1.894999999999999929e+01 5.885478071673954092e-01 7.673736303470193865e-03 7.805501154581284684e-03
1.905000000000000071e+01 4.067899534460555078e-01 6.402226243592996913e-03 6.534031831227287562e-03
1.914999999999999858e+01 2.739773184035692588e-01 5.257796686428141235e-03 5.392410810532823409e-03
1.925000000000000000e+01 1.755546868208232025e-01 4.224354615826272398e-03 4.356210146766698738e-03
1.935000000000000142e+01 1.140653968789887840e-01 3.405546285758074502e-03 3.537432446571382380e-03
1.944999999999999929e+01 6.916975935888515503e-02 2.642353118185594187e-03 2.776903245282218852e-03
1.955000000000000071e+01 4.375165027260844580e-02 2.122731563184329564e-03 2.263768113448110918e-03
1.964999999999999858e+01 1.878117796676897697e-02 1.371016330773132917e-03 1.513785377318257064e-03
1.975000000000000000e+01 8.849822693011058505e-03 9.807298658707646905e-04 1.046677978883405738e-03
1.985000000000000142e+01 4.708015328261800844e-03 7.050626635391715313e-04 8.374637398792565907e-04
1.994999999999999929e+01 9.468230415633432191e-04 5.849927237241290190e-04 4.283763071980027735e-04
2.005000000000000071e+01 3.755797841439729155e-04 2.036976791174646814e-04 3.635321123934682455e-04
2.014999999999999858e+01 1.242920889258480172e-04 1.026213422263265337e-04 2.844454417341199634e-04
