1.865000000000000213e+01 4.303287546992163025e-19 7.529576759382067999e-21 7.650498724446832099e-21 9.072010844416824593e-01 5.518682930903770099e-04 1.458670108307540125e-01
1.875000000000000000e+01 2.239819970890824574e-19 4.775186645006310754e-21 4.871430945910200700e-21 9.325425615951855596e-01 9.581544226721197587e-04 1.180577434903901934e-01
1.885000000000000142e+01 1.160083143663312573e-19 3.036023999893736493e-21 3.112662792661113090e-21 9.490704446704014696e-01 1.137311713041220694e-03 9.742112394875582226e-02
1.895000000000000284e+01 6.059978568523724955e-20 1.946139775429856937e-21 2.007196282380532677e-21 9.583263831342618833e-01 1.136085030640262249e-03 8.478527504457773756e-02
1.905000000000000071e+01 3.265386418251230384e-20 1.269367355003968047e-21 1.318027785277435283e-21 9.640615851900969924e-01 1.076149023259451425e-03 7.672065494315266632e-02
1.914999999999999858e+01 1.901904311921635623e-20 8.614988343748540975e-22 9.002734227111057803e-22 9.682074032500204153e-01 1.028621969304041942e-03 7.083370490993967650e-02
1.925000000000000000e+01 8.759864710626482964e-21 5.200801475538196418e-22 5.510904935807895012e-22 9.715917189722589331e-01 1.111176267047751494e-03 6.608801036884973112e-02
1.935000000000000142e+01 4.585205931828995284e-21 3.346592658098971428e-22 3.594550202214132659e-22 9.751402644823188304e-01 1.824840781669699336e-03 6.175326678311154893e-02
1.945000000000000284e+01 2.369651213253762873e-21 2.135964132083075484e-22 2.334593610145825035e-22 9.818762092045995038e-01 3.459163870402875551e-03 5.677217790251084389e-02
1.955000000000000071e+01 1.517995415525002957e-21 1.511038082563557437e-22 1.669643558549105852e-22 9.977306526665361552e-01 8.112773915840979649e-03 5.419332380572433605e-02
1.964999999999999858e+01 4.877122687470479049e-22 7.668344019394152918e-23 8.962069516382300781e-23 9.842891073929912471e-01 4.107374895667947889e-02 8.819974690762512337e-02
1.975000000000000000e+01 1.268865322012263897e-22 4.040854965958914946e-23 4.618497110576587937e-23 7.775162275600162598e-01 1.086756333980068434e-01 2.037699084385196924e-01
1.985000000000000142e+01 2.460302811850547403e-23 1.658357711841320913e-23 2.501453442844109677e-23 5.377496886556655253e-01 2.233383668331742622e-01 3.127402955071553747e-01
