18.05 3.83711e-17 7.68962e-19 7.68962e-19
18.15 2.07989e-17 4.49292e-19 4.49292e-19
18.25 9.18811e-18 2.21674e-19 2.21674e-19
18.35 4.26932e-18 1.21241e-19 1.21241e-19
18.45 2.12495e-18 6.86899e-20 6.86899e-20
18.55 9.51963e-19 3.68325e-20 3.68325e-20
18.65 5.47354e-19 2.38431e-20 2.38431e-20
18.75 2.64100e-19 1.34949e-20 1.34949e-20
18.85 1.39243e-19 8.17663e-21 8.17663e-21
18.95 7.33446e-20 5.04925e-21 5.04925e-21
19.05 4.69469e-20 3.51882e-21 3.51882e-21
19.15 2.44241e-20 2.15881e-21 2.15881e-21
19.25 1.32947e-20 1.40924e-21 1.40924e-21
19.35 7.46784e-21 9.05609e-22 9.05609e-22
19.45 3.07068e-21 5.04816e-22 5.04816e-22
19.55 1.76818e-21 3.40286e-22 3.40286e-22
19.65 3.08586e-22 1.68694e-22 1.11862e-22
19.75 3.13523e-22 1.30112e-22 1.05618e-22
19.85 6.13041e-23 6.91203e-23 3.86216e-23
19.95 4.98355e-23 5.61895e-23 3.13964e-23
20.05 0 0 0
