1.755000000000000071e+01 1.618769392791616026e-15 1.598156552787852509e-17 1.613586011956837315e-17 9.696385145898617219e-01 7.050601808222990577e-04 2.872304391864203416e-02
1.764999999999999858e+01 7.721459489764645851e-16 9.795773323829454626e-18 9.918508032349442350e-18 9.778798247795508214e-01 6.185457096519258405e-04 2.343919386732287377e-02
1.775000000000000000e+01 3.609429365810007778e-16 5.947215143672809053e-18 6.044893623335772663e-18 9.850790639849219543e-01 5.438434689715895528e-04 1.938901877954213315e-02
1.785000000000000142e+01 1.721714601489226690e-16 3.648280467296014301e-18 3.726054955370745265e-18 9.918223236164196432e-01 4.738482784020702442e-04 1.640134726079833793e-02
1.794999999999999929e+01 8.063915028124664487e-17 2.219121362966655822e-18 2.281098031928002247e-18 9.972591430968320569e-01 4.176501331535729532e-04 1.399845911532650311e-02
1.805000000000000071e+01 3.532777728965974169e-17 1.306129952924155134e-18 1.355594764712110855e-18 1.001631234886561916e+00 3.731774952756665973e-04 1.206420217836018209e-02
1.814999999999999858e+01 1.711251364878353396e-17 8.085513064460522843e-19 8.480466800724922468e-19 1.005463956980870321e+00 3.401615073135651917e-04 1.041175459410029723e-02
1.825000000000000000e+01 9.133684397918132522e-18 5.252175069382435465e-19 5.567534860919472400e-19 1.009962365108222127e+00 3.205433140585058288e-04 8.890327045982086146e-03
1.835000000000000142e+01 3.803448131806274867e-18 3.013418539827608217e-19 3.266659701815299721e-19 1.013941449606354572e+00 3.159792869208205221e-04 7.434927088215951933e-03
1.844999999999999929e+01 1.937425040025465270e-18 1.914657951706987952e-19 2.117774465238553095e-19 1.015139303188701714e+00 3.306508690552013787e-04 6.765817733891871244e-03
1.855000000000000071e+01 9.876393180368783540e-19 1.218353646315204010e-19 1.381622737313698771e-19 1.013408707207541282e+00 3.641517763257102092e-04 7.227996238390188219e-03
1.864999999999999858e+01 4.091029624036948087e-19 6.988365181141681600e-20 8.314739881183209573e-20 1.008893895858352874e+00 4.148834249854415918e-04 8.933224908690789307e-03
1.875000000000000000e+01 2.053298648633202658e-19 4.415876456245205456e-20 5.490922211671330319e-20 1.001750658422539519e+00 4.811441705610048540e-04 1.204368553728231775e-02
1.885000000000000142e+01 1.384588850526608051e-19 3.247997101735164944e-20 3.737859976547481588e-20 9.921449701008928646e-01 5.611551547879579807e-04 1.676879425465391607e-02
1.894999999999999929e+01 8.451587756954966193e-20 2.275239219282401152e-20 2.657945997525121337e-20 9.802505160458903077e-01 6.530904627100282212e-04 2.335772089995487993e-02
1.905000000000000071e+01 1.418021890283929590e-20 9.269786707135954713e-21 1.127701339312053324e-20 9.662477384341530140e-01 7.550951059975779091e-04 3.209190026889108954e-02
1.914999999999999858e+01 1.107810112339815006e-20 7.363253311350180824e-21 8.957650141519836272e-21 9.503222124559470574e-01 8.653118164410807675e-04 4.327778172874892360e-02
1.925000000000000000e+01 2.878706748380407742e-21 1.944468829151711894e-21 5.417318864358618504e-21 9.326619000280096383e-01 9.818993539079312258e-04 5.723980697888068903e-02
1.935000000000000142e+01 2.239555726889089980e-21 1.544546492536525264e-21 4.303129330464685620e-21 9.134582098402725947e-01 1.103077883951566508e-03 7.431432944409747943e-02
1.944999999999999929e+01 1.738904656568436278e-21 1.226876888866076625e-21 3.418097124858176277e-21 8.928995013557395888e-01 1.227119265377163426e-03 9.484307432379281144e-02
