# from PHYSICAL REVIEW D 88, 042004 (2013)
# flux units: 1./(m^2 s sr), energy unit: GeV
# lg_emin lg_emax n   dn_dlnE  stat    sys_plus sys_minus scale
6.20   6.30   396e4   10.495   0.006   0.729   0.855    1e-7
6.30   6.40   278e4    7.250   0.005   0.523   0.612    1e-7
6.40   6.50   191e4    4.938   0.004   0.368   0.425    1e-7
6.50   6.55   708089   3.670   0.004   0.286   0.325    1e-7
6.55   6.60   579534   2.969   0.004   0.230   0.276    1e-7
6.60   6.65   469844   2.382   0.003   0.189   0.216    1e-7
6.65   6.70   379797   1.914   0.003   0.156   0.180    1e-7
6.70   6.75   302695   1.517   0.003   0.125   0.140    1e-7
6.75   6.80   242627   1.210   0.002   0.100   0.113    1e-7
6.80   6.85   192910   9.582   0.022   0.803   0.929    1e-8
6.85   6.90   152793   7.562   0.019   0.644   0.707    1e-8
6.90   6.95   119945   5.916   0.017   0.517   0.584    1e-8
6.95   7.00   93839    4.608   0.015   0.409   0.430    1e-8
7.00   7.05   73785    3.609   0.013   0.323   0.358    1e-8
7.05   7.10   57413    2.798   0.012   0.252   0.267    1e-8
7.10   7.15   45112    2.193   0.010   0.189   0.211    1e-8
7.15   7.20   35386    1.717   0.009   0.156   0.161    1e-8
7.20   7.25   27813    1.347   0.008   0.119   0.119    1e-8
7.25   7.30   22515    1.088   0.007   0.092   0.103    1e-8
7.30   7.35   17722    8.554   0.064   0.777   0.814    1e-9
7.35   7.40   14175    6.835   0.057   0.578   0.588    1e-9
7.40   7.45   11416    5.502   0.051   0.499   0.511    1e-9
7.45   7.50   9198     4.433   0.046   0.383   0.393    1e-9
7.50   7.55   7351     3.543   0.041   0.310   0.306    1e-9
7.55   7.60   5925     2.856   0.037   0.225   0.237    1e-9
7.60   7.65   4844     2.335   0.033   0.214   0.205    1e-9
7.65   7.70   3994     1.925   0.030   0.150   0.200    1e-9
7.70   7.75   2965     1.429   0.026   0.137   0.130    1e-9
7.75   7.80   2377     1.146   0.023   0.100   0.084    1e-9
7.80   7.85   2041     9.838   0.216   0.727   0.933    1e-10
7.85   7.90   1586     7.645   0.191   0.911   0.645    1e-10
7.90   7.95   1288     6.208   0.172   0.445   0.592    1e-10
7.95   8.00   997      4.806   0.151   0.416   0.371    1e-10
8.00   8.10   1469     3.540   0.092   0.327   0.306    1e-10
8.10   8.20   956      2.304   0.074   0.201   0.253    1e-10
8.20   8.30   501      1.207   0.054   0.129   0.098    1e-10
8.30   8.40   307      7.399   0.422   0.632   0.726    1e-11
8.40   8.50   201      4.844   0.342   0.407   0.437    1e-11
8.50   8.60   93       2.241   0.232   0.226   0.283    1e-11
8.60   8.70   61       1.470   0.188   0.174   0.125    1e-11
8.70   8.80   39       9.399   1.505   2.493   1.996    1e-12
8.80   8.90   22       5.302   1.130   0.433   0.596    1e-12
8.90   9.00   19       4.579   1.051   0.458   0.392    1e-12
9.00   9.10   5        1.205   0.539   0.480   0.250    1e-12
