1.94   5.612 0.018 0.9  1e-13
2.44   2.974 0.012 0.5  1e-13
3.07   1.589 0.008 0.24 1e-13
3.86   8.30  0.06  1.3  1e-14
4.86   4.222 0.04  0.7  1e-14
6.12   2.098 0.023 0.4  1e-14
7.71   1.021 0.015 0.20 1e-14
9.70   4.92  0.10  0.9  1e-15
12.21  2.38  0.06  0.4  1e-15
15.38  1.177 0.04  0.20 1e-15
19.36  5.58  0.23  1.0  1e-16
24.37  2.66  0.15  0.5  1e-16
30.68  1.51  0.10  0.23 1e-16
38.62  7.5   0.7   1.3  1e-17
48.62  3.72  0.4   0.6  1e-17
61.21  1.97  0.25  0.3  1e-17
77.06  1.05  0.17  0.19 1e-17
97.01  4.7    1.0  1.0  1e-18
