1.54  9.26  0.04  1.4  1e-13
1.94  4.838 0.020 0.7  1e-13
2.44  2.650 0.014 0.4  1e-13
3.07  1.426 0.010 0.21 1e-13
3.86  7.38  0.06  1.2  1e-14
4.86  3.76  0.05  0.6  1e-14
6.12  1.868 0.027 0.3  1e-14
7.71  0.910 0.017 0.15 1e-14
9.70  4.41  0.10  0.8  1e-15
12.21 2.13  0.07  0.4  1e-15
15.38 1.08  0.04  0.18 1e-15
19.36 5.01  0.26  0.9  1e-16
24.37 2.45  0.17  0.4  1e-16
30.68 1.44  0.11  0.22 1e-16
38.62 7.0   0.7   1.2  1e-17
48.62 3.6   0.5   0.6  1e-17
61.21 1.91  0.29  0.29 1e-17
77.06 1.04  0.18  0.19 1e-17
97.01 4.6   1.1   1.0  1e-18
