# Proton flux at top of atmosphere from BESS 00, astro-ph/0611388
# energies are in GeV/nucleon, flux in (m−2 sr−1 s−1 GeV−1 nucleon)
#              5.25–5.79              5.79–6.68              6.68–7.66              7.66–8.63              8.63–9.70              9.70–11.7             #              11.7-14.4              14.4-17.7              17.7-20.7              20.7-24.9              24.9-30.5              30.5-37.2
#             [5.53]                 [6.29]                 [6.97]                 [8.10]                 [9.38]                 [10.8]                 #             [12.8]                 [16.2]                 [19.1]                 [22.5]                 [28.0]                 [33.7]
0.185 0.215   3.63e2 0.12e2 0.14e2   3.40e2 0.31e2 0.13e2   4.48e2 0.50e2 0.17e2   4.67e2 0.52e2 0.18e2   4.31e2 0.51e2 0.16e2   6.61e2 0.63e2 0.25e2   0.185 0.215   5.54e2 0.51e2 0.21e2   6.29e2 0.56e2 0.24e2   7.16e2 0.63e2 0.27e2   6.95e2 0.52e2 0.26e2   7.89e2 0.55e2 0.30e2   9.11e2 0.59e2 0.34e2
0.215 0.251   3.37e2 0.11e2 0.13e2   3.49e2 0.28e2 0.13e2   2.91e2 0.37e2 0.11e2   4.74e2 0.47e2 0.18e2   3.75e2 0.44e2 0.14e2   5.25e2 0.51e2 0.20e2   0.215 0.251   5.43e2 0.46e2 0.21e2   6.69e2 0.53e2 0.25e2   6.64e2 0.55e2 0.25e2   7.70e2 0.50e2 0.29e2   7.86e2 0.50e2 0.30e2   8.97e2 0.53e2 0.34e2
0.251 0.293   3.41e2 0.10e2 0.13e2   3.44e2 0.26e2 0.13e2   3.56e2 0.37e2 0.14e2   4.34e2 0.42e2 0.17e2   4.47e2 0.44e2 0.17e2   4.45e2 0.43e2 0.17e2   0.251 0.293   4.97e2 0.41e2 0.19e2   5.14e2 0.43e2 0.20e2   7.18e2 0.53e2 0.27e2   6.52e2 0.42e2 0.25e2   7.92e2 0.46e2 0.30e2   7.57e2 0.45e2 0.29e2
0.293 0.341   3.36e2 0.09e2 0.13e2   3.71e2 0.25e2 0.14e2   3.46e2 0.34e2 0.13e2   3.48e2 0.35e2 0.13e2   4.47e2 0.41e2 0.17e2   4.22e2 0.39e2 0.16e2   0.293 0.341   5.10e2 0.39e2 0.19e2   5.18e2 0.40e2 0.20e2   5.80e2 0.44e2 0.22e2   5.99e2 0.38e2 0.23e2   6.46e2 0.39e2 0.25e2   6.67e2 0.39e2 0.25e2
0.341 0.398   3.31e2 0.09e2 0.13e2   3.37e2 0.23e2 0.13e2   4.01e2 0.35e2 0.15e2   3.07e2 0.31e2 0.12e2   4.09e2 0.37e2 0.16e2   3.99e2 0.36e2 0.15e2   0.341 0.398   4.36e2 0.34e2 0.17e2   5.69e2 0.40e2 0.22e2   5.07e2 0.39e2 0.19e2   5.43e2 0.34e2 0.21e2   5.60e2 0.34e2 0.21e2   5.96e2 0.35e2 0.23e2
0.398 0.464   3.00e2 0.08e2 0.11e2   3.56e2 0.22e2 0.14e2   3.71e2 0.32e2 0.14e2   3.72e2 0.33e2 0.14e2   2.86e2 0.30e2 0.11e2   3.76e2 0.34e2 0.14e2   0.398 0.464   3.50e2 0.29e2 0.13e2   4.05e2 0.32e2 0.16e2   4.61e2 0.36e2 0.18e2   4.70e2 0.30e2 0.18e2   5.04e2 0.31e2 0.19e2   5.56e2 0.33e2 0.21e2
0.464 0.541   3.05e2 0.08e2 0.12e2   3.02e2 0.20e2 0.12e2   3.44e2 0.31e2 0.13e2   3.30e2 0.30e2 0.13e2   3.57e2 0.33e2 0.14e2   3.05e2 0.30e2 0.12e2   0.464 0.541   3.99e2 0.30e2 0.15e2   4.07e2 0.32e2 0.16e2   4.24e2 0.34e2 0.16e2   4.12e2 0.28e2 0.16e2   4.61e2 0.29e2 0.18e2   4.91e2 0.30e2 0.19e2
0.541 0.631   2.86e2 0.08e2 0.11e2   3.06e2 0.20e2 0.12e2   3.38e2 0.31e2 0.13e2   3.44e2 0.31e2 0.13e2   3.02e2 0.30e2 0.12e2   2.95e2 0.29e2 0.11e2   0.541 0.631   3.26e2 0.28e2 0.12e2   3.76e2 0.31e2 0.14e2   3.16e2 0.29e2 0.12e2   4.31e2 0.29e2 0.16e2   4.36e2 0.29e2 0.17e2   4.85e2 0.30e2 0.18e2
0.631 0.736   2.90e2 0.08e2 0.11e2   3.33e2 0.22e2 0.13e2   2.63e2 0.28e2 0.10e2   3.09e2 0.30e2 0.12e2   3.15e2 0.32e2 0.12e2   2.98e2 0.31e2 0.11e2   0.631 0.736   3.48e2 0.30e2 0.13e2   3.64e2 0.31e2 0.14e2   3.66e2 0.33e2 0.14e2   3.98e2 0.29e2 0.15e2   3.58e2 0.27e2 0.14e2   3.68e2 0.27e2 0.14e2
0.736 0.858   2.88e2 0.09e2 0.11e2   2.64e2 0.21e2 0.10e2   3.10e2 0.33e2 0.12e2   3.25e2 0.34e2 0.12e2   3.59e2 0.37e2 0.14e2   3.48e2 0.36e2 0.13e2   0.736 0.858   3.27e2 0.31e2 0.12e2   3.76e2 0.35e2 0.14e2   3.49e2 0.35e2 0.13e2   3.46e2 0.29e2 0.13e2   3.66e2 0.30e2 0.14e2   3.85e2 0.30e2 0.15e2
0.858 1.000   2.58e2 0.10e2 0.10e2   2.96e2 0.27e2 0.11e2   2.74e2 0.36e2 0.10e2   3.31e2 0.40e2 0.13e2   2.69e2 0.38e2 0.10e2   2.24e2 0.34e2 0.09e2   0.858 1.000   3.02e2 0.35e2 0.11e2   2.69e2 0.34e2 0.10e2   2.76e2 0.36e2 0.10e2   2.98e2 0.32e2 0.11e2   3.51e2 0.34e2 0.13e2   2.98e2 0.31e2 0.11e2
1.00  1.17    2.66e2 0.16e2 0.10e2   2.99e2 0.43e2 0.11e2   2.21e2 0.52e2 0.08e2   2.12e2 0.51e2 0.08e2   2.70e2 0.60e2 0.10e2   3.00e2 0.63e2 0.12e2   1.00  1.17    1.88e2 0.44e2 0.07e2   2.67e2 0.54e2 0.10e2   2.92e2 0.60e2 0.11e2   2.14e2 0.43e2 0.08e2   3.02e2 0.50e2 0.12e2   2.69e2 0.47e2 0.10e2
1.17  1.36    2.66e2 0.15e2 0.10e2   2.66e2 0.37e2 0.10e2   2.84e2 0.55e2 0.11e2   2.78e2 0.54e2 0.11e2   1.96e2 0.48e2 0.08e2   2.57e2 0.54e2 0.10e2   1.17  1.36    2.51e2 0.47e2 0.10e2   2.38e2 0.48e2 0.09e2   2.92e2 0.55e2 0.11e2   3.08e2 0.47e2 0.12e2   2.73e2 0.44e2 0.11e2   2.44e2 0.42e2 0.10e2
1.36  1.58    2.01e2 0.12e2 0.08e2   2.35e2 0.33e2 0.09e2   2.54e2 0.48e2 0.10e2   3.14e2 0.54e2 0.13e2   2.79e2 0.53e2 0.11e2   2.99e2 0.54e2 0.12e2   1.36  1.58    3.25e2 0.50e2 0.13e2   2.06e2 0.41e2 0.08e2   1.35e2 0.35e2 0.05e2   3.16e2 0.45e2 0.13e2   3.29e2 0.45e2 0.13e2   2.61e2 0.40e2 0.10e2
1.58  1.85    2.02e2 0.11e2 0.08e2   1.93e2 0.27e2 0.08e2   1.79e2 0.37e2 0.07e2   1.18e2 0.31e2 0.05e2   1.88e2 0.40e2 0.08e2   2.56e2 0.46e2 0.10e2   1.58  1.85    1.59e2 0.32e2 0.07e2   1.83e2 0.36e2 0.07e2   2.31e2 0.42e2 0.09e2   1.84e2 0.32e2 0.08e2   1.70e2 0.30e2 0.07e2   2.07e2 0.33e2 0.08e2
1.85  2.15    1.87e2 0.10e2 0.08e2   2.03e2 0.26e2 0.08e2   2.34e2 0.40e2 0.10e2   1.22e2 0.29e2 0.05e2   1.84e2 0.37e2 0.08e2   1.71e2 0.35e2 0.07e2   1.85  2.15    2.22e2 0.36e2 0.09e2   1.64e2 0.31e2 0.07e2   1.86e2 0.35e2 0.08e2   1.54e2 0.27e2 0.06e2   2.56e2 0.34e2 0.11e2   2.29e2 0.32e2 0.10e2
2.15  2.51    1.83e2 0.09e2 0.08e2   1.15e2 0.18e2 0.05e2   1.62e2 0.31e2 0.07e2   1.88e2 0.33e2 0.08e2   2.03e2 0.36e2 0.09e2   1.72e2 0.32e2 0.07e2   2.15  2.51    1.67e2 0.29e2 0.07e2   1.46e2 0.28e2 0.06e2   1.03e2 0.24e2 0.04e2   1.89e2 0.28e2 0.08e2   1.62e2 0.25e2 0.07e2   1.54e2 0.25e2 0.07e2
2.51  2.93    1.27e2 0.07e2 0.06e2   1.43e2 0.19e2 0.06e2   8.93e1 2.10e1 0.39e1   1.56e2 0.28e2 0.07e2   1.52e2 0.29e2 0.07e2   1.21e2 0.25e2 0.05e2   2.51  2.93    1.10e2 0.22e2 0.05e2   1.17e2 0.23e2 0.05e2   1.47e2 0.27e2 0.06e2   1.11e2 0.20e2 0.05e2   1.39e2 0.22e2 0.06e2   1.22e2 0.20e2 0.05e2
2.93  3.41    1.16e2 0.06e2 0.05e2   1.21e2 0.16e2 0.05e2   7.66e1 1.81e1 0.34e1   1.04e2 0.21e2 0.05e2   1.12e2 0.23e2 0.05e2   9.50e1 2.07e1 0.42e1   2.93  3.41    1.49e2 0.23e2 0.07e2   1.08e2 0.20e2 0.05e2   6.33e1 1.63e1 0.28e1   1.04e2 0.18e2 0.05e2   9.89e1 1.70e1 0.44e1   8.43e1 1.57e1 0.37e1
3.41  3.98    9.11e1 0.50e1 0.41e1   9.49e1 1.32e1 0.43e1   9.55e1 1.87e1 0.43e1   8.95e1 1.83e1 0.41e1   7.26e1 1.71e1 0.33e1   1.09e2 0.21e2 0.05e2   3.41  3.98    9.39e1 1.71e1 0.43e1   1.06e2 0.19e2 0.05e2   1.02e2 0.19e2 0.05e2   1.69e2 0.21e2 0.08e2   1.03e2 0.16e2 0.05e2   1.00e2 0.16e2 0.05e2
3.98  4.64    7.43e1 0.42e1 0.34e1   7.20e1 1.06e1 0.33e1   9.14e1 1.70e1 0.42e1   8.64e1 1.66e1 0.40e1   8.65e1 1.73e1 0.40e1   8.03e1 1.64e1 0.37e1   3.98  4.64    6.44e1 1.31e1 0.30e1   6.84e1 1.40e1 0.32e1   9.37e1 1.71e1 0.43e1   6.59e1 1.20e1 0.30e1   6.46e1 1.18e1 0.30e1   5.17e1 1.05e1 0.24e1
4.64  5.41    6.32e1 0.36e1 0.30e1   6.05e1 0.90e1 0.29e1   6.49e1 1.33e1 0.31e1   6.05e1 1.29e1 0.29e1   6.83e1 1.42e1 0.32e1   4.02e1 1.08e1 0.19e1   4.64  5.41    6.68e1 1.24e1 0.32e1   4.90e1 1.09e1 0.23e1   7.24e1 1.39e1 0.34e1   5.28e1 1.00e1 0.25e1   6.66e1 1.11e1 0.31e1   7.21e1 1.15e1 0.34e1
5.41  6.31    4.57e1 0.28e1 0.22e1   4.49e1 0.72e1 0.22e1   5.10e1 1.09e1 0.24e1   4.47e1 1.03e1 0.21e1   5.09e1 1.14e1 0.24e1   4.68e1 1.07e1 0.22e1   5.41  6.31    4.14e1 0.90e1 0.20e1   6.71e1 1.19e1 0.32e1   3.21e1 0.86e1 0.15e1   3.87e1 0.79e1 0.19e1   3.48e1 0.74e1 0.17e1   3.96e1 0.79e1 0.19e1
6.31  7.36    3.54e1 0.06e1 0.17e1   3.67e1 0.17e1 0.18e1   3.59e1 0.24e1 0.18e1   3.74e1 0.24e1 0.18e1   3.53e1 0.24e1 0.17e1   3.43e1 0.24e1 0.17e1   6.31  7.36    3.52e1 0.21e1 0.17e1   3.69e1 0.23e1 0.18e1   2.96e1 0.21e1 0.15e1   3.60e1 0.20e1 0.18e1   2.91e1 0.18e1 0.14e1   3.19e1 0.18e1 0.16e1
7.36  8.58    2.59e1 0.05e1 0.13e1   2.69e1 0.13e1 0.13e1   2.63e1 0.18e1 0.13e1   3.01e1 0.19e1 0.15e1   2.38e1 0.18e1 0.12e1   2.49e1 0.18e1 0.12e1   7.36  8.58    2.62e1 0.17e1 0.13e1   2.45e1 0.17e1 0.12e1   2.37e1 0.17e1 0.12e1   2.44e1 0.15e1 0.12e1   2.59e1 0.15e1 0.13e1   2.26e1 0.14e1 0.11e1
8.58  10.0    1.95e1 0.04e1 0.10e1   2.06e1 0.10e1 0.11e1   1.86e1 0.14e1 0.09e1   2.05e1 0.15e1 0.10e1   1.88e1 0.15e1 0.10e1   2.03e1 0.15e1 0.10e1   8.58  10.0    1.88e1 0.13e1 0.10e1   1.82e1 0.13e1 0.09e1   1.98e1 0.14e1 0.10e1   1.88e1 0.12e1 0.10e1   1.90e1 0.12e1 0.10e1   1.60e1 0.11e1 0.08e1
10.0  11.7    1.38e1 0.03e1 0.07e1   1.52e1 0.08e1 0.08e1   1.30e1 0.11e1 0.07e1   1.38e1 0.11e1 0.07e1   1.50e1 0.12e1 0.08e1   1.42e1 0.12e1 0.07e1   10.0  11.7    1.59e1 0.11e1 0.08e1   1.18e1 0.10e1 0.06e1   1.32e1 0.11e1 0.07e1   1.34e1 0.09e1 0.07e1   1.22e1 0.09e1 0.06e1   1.12e1 0.08e1 0.06e1
11.7  13.6    1.03e1 0.02e1 0.05e1   9.22   0.60   0.48     9.48   0.87   0.49     9.95   0.89   0.51     9.88   0.93   0.51     8.98   0.87   0.46     11.7  13.6    9.48   0.80   0.49     1.07e1 0.09e1 0.06e1   9.70   0.87   0.50     8.69   0.69   0.45     8.58   0.68   0.44     8.95   0.70   0.46
13.6  15.8    7.21   0.19   0.37     7.48   0.50   0.39     7.23   0.70   0.37     6.59   0.67   0.34     6.60   0.70   0.34     7.10   0.71   0.37     13.6  15.8    7.08   0.64   0.37     6.11   0.61   0.32     5.15   0.59   0.27     6.40   0.55   0.33     5.82   0.52   0.30     5.17   0.49   0.27
15.8  18.5    4.72   0.14   0.24     4.45   0.36   0.23     4.91   0.53   0.25     4.52   0.51   0.23     4.12   0.51   0.21     4.42   0.52   0.23     15.8  18.5    4.68   0.48   0.24     4.81   0.50   0.25     5.27   0.55   0.27     4.23   0.41   0.22     4.42   0.42   0.23     4.97   0.44   0.26
18.5  21.5    3.31   0.11   0.17     3.33   0.29   0.17     3.37   0.41   0.17     2.67   0.37   0.14     2.50   0.37   0.13     2.90   0.39   0.15     18.5  21.5    2.83   0.35   0.15     3.23   0.38   0.17     3.54   0.42   0.18     3.42   0.34   0.18     2.44   0.29   0.13     2.57   0.30   0.13
